#    Z                A               B               C                     sigma_A      sigma_B      sigma_C  
  1.0000e-04 	  2.9879e-04 	  9.8540e+00 	  3.2818e-01    	  2.4529e-05   8.2300e-02   2.7878e-03 
  2.0000e-04 	  5.1648e-04 	  9.3146e+00 	  3.4801e-01    	  4.3184e-05   8.3847e-02   3.1933e-03 
  3.0000e-04 	  7.0750e-04 	  9.0132e+00 	  3.6021e-01    	  6.6301e-05   9.3990e-02   3.8384e-03 
  4.0000e-04 	  8.6403e-04 	  8.8226e+00 	  3.6842e-01    	  8.7482e-05   1.0156e-01   4.3414e-03 
  5.0000e-04 	  1.0018e-03 	  8.6819e+00 	  3.7475e-01    	  1.0697e-04   1.0711e-01   4.7398e-03 
  6.0000e-04 	  1.0831e-03 	  8.6157e+00 	  3.7826e-01    	  1.1745e-04   1.0879e-01   4.9046e-03 
  7.0000e-04 	  1.1595e-03 	  8.5574e+00 	  3.8140e-01    	  1.2733e-04   1.1017e-01   5.0500e-03 
  8.0000e-04 	  1.2233e-03 	  8.5124e+00 	  3.8387e-01    	  1.3617e-04   1.1167e-01   5.1859e-03 
  9.0000e-04 	  1.2776e-03 	  8.4764e+00 	  3.8588e-01    	  1.4420e-04   1.1324e-01   5.3147e-03 
  1.0000e-03 	  1.3191e-03 	  8.4511e+00 	  3.8733e-01    	  1.5082e-04   1.1471e-01   5.4256e-03 
  1.1000e-03 	  1.4143e-03 	  8.3925e+00 	  3.9078e-01    	  1.6537e-04   1.1731e-01   5.6466e-03 
  1.2000e-03 	  1.4991e-03 	  8.3444e+00 	  3.9371e-01    	  1.7805e-04   1.1916e-01   5.8212e-03 
  1.3000e-03 	  1.5884e-03 	  8.2957e+00 	  3.9663e-01    	  1.9297e-04   1.2189e-01   6.0426e-03 
  1.4000e-03 	  1.6583e-03 	  8.2610e+00 	  3.9892e-01    	  2.0412e-04   1.2349e-01   6.1913e-03 
  1.5000e-03 	  1.7259e-03 	  8.2288e+00 	  4.0101e-01    	  2.1510e-04   1.2504e-01   6.3342e-03 
  1.6000e-03 	  1.8027e-03 	  8.1925e+00 	  4.0326e-01    	  2.3003e-04   1.2803e-01   6.5591e-03 
  1.7000e-03 	  1.8510e-03 	  8.1727e+00 	  4.0471e-01    	  2.3891e-04   1.2949e-01   6.6811e-03 
  1.8000e-03 	  1.8996e-03 	  8.1531e+00 	  4.0617e-01    	  2.4788e-04   1.3092e-01   6.8019e-03 
  1.9000e-03 	  1.9579e-03 	  8.1289e+00 	  4.0776e-01    	  2.5956e-04   1.3301e-01   6.9656e-03 
  2.0000e-03 	  2.0070e-03 	  8.1097e+00 	  4.0910e-01    	  2.7119e-04   1.3556e-01   7.1464e-03 
  2.1000e-03 	  2.0675e-03 	  8.0895e+00 	  4.1072e-01    	  2.7761e-04   1.3471e-01   7.1579e-03 
  2.2000e-03 	  2.0857e-03 	  8.0896e+00 	  4.1138e-01    	  2.7526e-04   1.3240e-01   7.0548e-03 
  2.3000e-03 	  2.1380e-03 	  8.0733e+00 	  4.1279e-01    	  2.8148e-04   1.3208e-01   7.0851e-03 
  2.4000e-03 	  2.1871e-03 	  8.0586e+00 	  4.1411e-01    	  2.8767e-04   1.3196e-01   7.1230e-03 
  2.5000e-03 	  2.2307e-03 	  8.0466e+00 	  4.1528e-01    	  2.9359e-04   1.3202e-01   7.1657e-03 
  2.6000e-03 	  2.2716e-03 	  8.0358e+00 	  4.1637e-01    	  2.9946e-04   1.3223e-01   7.2140e-03 
  2.7000e-03 	  2.3044e-03 	  8.0285e+00 	  4.1726e-01    	  3.0452e-04   1.3255e-01   7.2609e-03 
  2.8000e-03 	  2.3357e-03 	  8.0219e+00 	  4.1811e-01    	  3.0965e-04   1.3297e-01   7.3125e-03 
  2.9000e-03 	  2.3658e-03 	  8.0156e+00 	  4.1893e-01    	  3.1482e-04   1.3347e-01   7.3673e-03 
  3.0000e-03 	  2.3959e-03 	  8.0092e+00 	  4.1976e-01    	  3.2020e-04   1.3404e-01   7.4264e-03 
  3.1000e-03 	  2.4173e-03 	  8.0063e+00 	  4.2037e-01    	  3.2453e-04   1.3464e-01   7.4798e-03 
  3.2000e-03 	  2.4002e-03 	  8.0192e+00 	  4.2026e-01    	  3.1953e-04   1.3350e-01   7.4075e-03 
  3.3000e-03 	  2.4170e-03 	  8.0178e+00 	  4.2077e-01    	  3.2353e-04   1.3426e-01   7.4654e-03 
  3.4000e-03 	  2.4332e-03 	  8.0166e+00 	  4.2127e-01    	  3.2770e-04   1.3506e-01   7.5263e-03 
  3.5000e-03 	  2.4441e-03 	  8.0174e+00 	  4.2165e-01    	  3.3112e-04   1.3586e-01   7.5823e-03 
  3.6000e-03 	  2.4560e-03 	  8.0176e+00 	  4.2205e-01    	  3.3501e-04   1.3677e-01   7.6461e-03 
  3.7000e-03 	  2.4662e-03 	  8.0184e+00 	  4.2242e-01    	  3.3857e-04   1.3765e-01   7.7065e-03 
  3.8000e-03 	  2.4726e-03 	  8.0206e+00 	  4.2269e-01    	  3.4161e-04   1.3852e-01   7.7633e-03 
  3.9000e-03 	  2.4798e-03 	  8.0223e+00 	  4.2298e-01    	  3.4497e-04   1.3949e-01   7.8262e-03 
  4.0000e-03 	  2.5585e-03 	  7.9953e+00 	  4.2514e-01    	  3.6162e-04   1.4171e-01   8.0251e-03 
  4.1000e-03 	  2.5737e-03 	  7.9963e+00 	  4.2559e-01    	  3.6453e-04   1.4204e-01   8.0585e-03 
  4.2000e-03 	  2.5837e-03 	  7.9992e+00 	  4.2592e-01    	  3.6734e-04   1.4253e-01   8.0980e-03 
  4.3000e-03 	  2.5944e-03 	  8.0016e+00 	  4.2625e-01    	  3.7009e-04   1.4301e-01   8.1363e-03 
  4.4000e-03 	  2.6068e-03 	  8.0032e+00 	  4.2662e-01    	  3.7285e-04   1.4337e-01   8.1703e-03 
  4.5000e-03 	  2.6216e-03 	  8.0038e+00 	  4.2704e-01    	  3.7600e-04   1.4376e-01   8.2074e-03 
  4.6000e-03 	  2.6358e-03 	  8.0044e+00 	  4.2744e-01    	  3.7907e-04   1.4415e-01   8.2436e-03 
  4.7000e-03 	  2.6510e-03 	  8.0045e+00 	  4.2785e-01    	  3.8248e-04   1.4460e-01   8.2846e-03 
  4.8000e-03 	  2.6564e-03 	  8.0082e+00 	  4.2803e-01    	  3.8446e-04   1.4505e-01   8.3167e-03 
  4.9000e-03 	  2.6725e-03 	  8.0077e+00 	  4.2846e-01    	  3.8770e-04   1.4539e-01   8.3517e-03 
  5.0000e-03 	  2.6904e-03 	  8.0064e+00 	  4.2892e-01    	  3.9115e-04   1.4572e-01   8.3875e-03 
  5.1000e-03 	  2.7045e-03 	  8.0065e+00 	  4.2928e-01    	  3.9429e-04   1.4609e-01   8.4229e-03 
  5.2000e-03 	  2.7191e-03 	  8.0063e+00 	  4.2966e-01    	  3.9759e-04   1.4653e-01   8.4622e-03 
  5.3000e-03 	  2.7275e-03 	  8.0083e+00 	  4.2988e-01    	  4.0000e-04   1.4697e-01   8.4960e-03 
  5.4000e-03 	  2.7452e-03 	  8.0068e+00 	  4.3031e-01    	  4.0345e-04   1.4726e-01   8.5295e-03 
  5.5000e-03 	  2.7630e-03 	  8.0051e+00 	  4.3075e-01    	  4.0704e-04   1.4759e-01   8.5658e-03 
  5.6000e-03 	  2.7766e-03 	  8.0049e+00 	  4.3108e-01    	  4.1015e-04   1.4798e-01   8.6018e-03 
  5.7000e-03 	  2.7954e-03 	  8.0028e+00 	  4.3153e-01    	  4.1354e-04   1.4821e-01   8.6322e-03 
  5.8000e-03 	  2.8081e-03 	  8.0028e+00 	  4.3183e-01    	  4.1648e-04   1.4857e-01   8.6657e-03 
  5.9000e-03 	  2.8262e-03 	  8.0008e+00 	  4.3225e-01    	  4.1984e-04   1.4881e-01   8.6963e-03 
  6.0000e-03 	  2.8387e-03 	  8.0007e+00 	  4.3257e-01    	  4.2228e-04   1.4900e-01   8.7198e-03 
  6.1000e-03 	  2.8619e-03 	  7.9978e+00 	  4.3319e-01    	  4.2501e-04   1.4875e-01   8.7279e-03 
  6.2000e-03 	  2.9440e-03 	  7.9746e+00 	  4.3490e-01    	  4.4171e-04   1.5028e-01   8.8879e-03 
  6.3000e-03 	  2.9827e-03 	  7.9664e+00 	  4.3589e-01    	  4.4762e-04   1.5032e-01   8.9266e-03 
  6.4000e-03 	  3.0115e-03 	  7.9617e+00 	  4.3664e-01    	  4.5227e-04   1.5041e-01   8.9599e-03 
  6.5000e-03 	  3.0418e-03 	  7.9564e+00 	  4.3740e-01    	  4.5706e-04   1.5049e-01   8.9932e-03 
  6.6000e-03 	  3.0682e-03 	  7.9523e+00 	  4.3808e-01    	  4.6139e-04   1.5063e-01   9.0264e-03 
  6.7000e-03 	  3.0893e-03 	  7.9500e+00 	  4.3864e-01    	  4.6536e-04   1.5084e-01   9.0605e-03 
  6.8000e-03 	  3.1574e-03 	  7.9326e+00 	  4.3992e-01    	  4.8134e-04   1.5267e-01   9.2257e-03 
  6.9000e-03 	  3.1695e-03 	  7.9331e+00 	  4.4027e-01    	  4.8410e-04   1.5294e-01   9.2550e-03 
  7.0000e-03 	  3.1829e-03 	  7.9330e+00 	  4.4063e-01    	  4.8715e-04   1.5328e-01   9.2885e-03 
  7.1000e-03 	  3.1932e-03 	  7.9339e+00 	  4.4092e-01    	  4.9004e-04   1.5367e-01   9.3230e-03 
  7.2000e-03 	  3.1992e-03 	  7.9360e+00 	  4.4112e-01    	  4.9231e-04   1.5407e-01   9.3548e-03 
  7.3000e-03 	  3.2012e-03 	  7.9393e+00 	  4.4123e-01    	  4.9394e-04   1.5447e-01   9.3830e-03 
  7.4000e-03 	  3.2041e-03 	  7.9422e+00 	  4.4134e-01    	  4.9563e-04   1.5488e-01   9.4114e-03 
  7.5000e-03 	  3.2554e-03 	  7.9301e+00 	  4.4220e-01    	  5.1039e-04   1.5698e-01   9.5796e-03 
  7.6000e-03 	  3.2521e-03 	  7.9348e+00 	  4.4218e-01    	  5.1155e-04   1.5746e-01   9.6084e-03 
  7.7000e-03 	  3.2485e-03 	  7.9394e+00 	  4.4215e-01    	  5.1265e-04   1.5798e-01   9.6382e-03 
  7.8000e-03 	  3.2425e-03 	  7.9448e+00 	  4.4206e-01    	  5.1334e-04   1.5850e-01   9.6654e-03 
  7.9000e-03 	  3.2305e-03 	  7.9519e+00 	  4.4185e-01    	  5.1365e-04   1.5913e-01   9.6955e-03 
  8.0000e-03 	  3.2171e-03 	  7.9594e+00 	  4.4160e-01    	  5.1315e-04   1.5964e-01   9.7160e-03 
  8.1000e-03 	  3.2558e-03 	  7.9514e+00 	  4.4229e-01    	  5.1835e-04   1.5933e-01   9.7290e-03 
  8.2000e-03 	  3.2871e-03 	  7.9458e+00 	  4.4286e-01    	  5.2277e-04   1.5915e-01   9.7442e-03 
  8.3000e-03 	  3.3111e-03 	  7.9424e+00 	  4.4329e-01    	  5.2609e-04   1.5901e-01   9.7555e-03 
  8.4000e-03 	  3.3339e-03 	  7.9394e+00 	  4.4371e-01    	  5.2934e-04   1.5888e-01   9.7667e-03 
  8.5000e-03 	  3.3478e-03 	  7.9390e+00 	  4.4396e-01    	  5.3155e-04   1.5887e-01   9.7781e-03 
  8.6000e-03 	  3.3615e-03 	  7.9386e+00 	  4.4421e-01    	  5.3383e-04   1.5891e-01   9.7922e-03 
  8.7000e-03 	  3.3722e-03 	  7.9391e+00 	  4.4442e-01    	  5.3578e-04   1.5896e-01   9.8053e-03 
  8.8000e-03 	  3.3765e-03 	  7.9414e+00 	  4.4451e-01    	  5.3697e-04   1.5910e-01   9.8182e-03 
  8.9000e-03 	  3.3762e-03 	  7.9451e+00 	  4.4452e-01    	  5.3755e-04   1.5929e-01   9.8306e-03 
  9.0000e-03 	  3.3762e-03 	  7.9486e+00 	  4.4454e-01    	  5.3825e-04   1.5947e-01   9.8433e-03 
  9.1000e-03 	  3.3674e-03 	  7.9547e+00 	  4.4440e-01    	  5.3794e-04   1.5980e-01   9.8574e-03 
  9.2000e-03 	  3.3594e-03 	  7.9605e+00 	  4.4429e-01    	  5.3801e-04   1.6021e-01   9.8770e-03 
  9.3000e-03 	  3.3488e-03 	  7.9670e+00 	  4.4412e-01    	  5.3756e-04   1.6058e-01   9.8924e-03 
  9.4000e-03 	  3.2862e-03 	  7.9892e+00 	  4.4315e-01    	  5.2423e-04   1.5957e-01   9.7831e-03 
  9.5000e-03 	  3.2687e-03 	  7.9978e+00 	  4.4286e-01    	  5.2306e-04   1.6006e-01   9.8000e-03 
  9.6000e-03 	  3.2504e-03 	  8.0066e+00 	  4.4256e-01    	  5.2227e-04   1.6070e-01   9.8254e-03 
  9.7000e-03 	  3.2312e-03 	  8.0158e+00 	  4.4224e-01    	  5.2126e-04   1.6134e-01   9.8499e-03 
  9.8000e-03 	  3.2048e-03 	  8.0271e+00 	  4.4178e-01    	  5.1946e-04   1.6210e-01   9.8757e-03 
  9.9000e-03 	  3.1741e-03 	  8.0399e+00 	  4.4125e-01    	  5.1710e-04   1.6294e-01   9.9015e-03 
  1.0000e-02 	  3.1565e-03 	  8.0485e+00 	  4.4101e-01    	  5.1728e-04   1.6387e-01   9.9463e-03 
  1.0100e-02 	  3.1510e-03 	  8.0540e+00 	  4.4093e-01    	  5.1636e-04   1.6389e-01   9.9431e-03 
  1.0200e-02 	  3.1444e-03 	  8.0598e+00 	  4.4082e-01    	  5.1534e-04   1.6388e-01   9.9382e-03 
  1.0300e-02 	  3.1411e-03 	  8.0646e+00 	  4.4079e-01    	  5.1513e-04   1.6398e-01   9.9428e-03 
  1.0400e-02 	  3.1319e-03 	  8.0711e+00 	  4.4063e-01    	  5.1361e-04   1.6398e-01   9.9355e-03 
  1.0500e-02 	  3.1221e-03 	  8.0779e+00 	  4.4045e-01    	  5.1202e-04   1.6399e-01   9.9283e-03 
  1.0600e-02 	  3.1179e-03 	  8.0827e+00 	  4.4039e-01    	  5.1149e-04   1.6400e-01   9.9267e-03 
  1.0700e-02 	  3.1535e-03 	  8.0748e+00 	  4.4094e-01    	  5.2266e-04   1.6568e-01   1.0058e-02 
  1.0800e-02 	  3.1401e-03 	  8.0826e+00 	  4.4069e-01    	  5.2086e-04   1.6581e-01   1.0055e-02 
  1.0900e-02 	  3.1327e-03 	  8.0884e+00 	  4.4057e-01    	  5.2006e-04   1.6593e-01   1.0057e-02 
  1.1000e-02 	  3.1279e-03 	  8.0933e+00 	  4.4049e-01    	  5.1941e-04   1.6598e-01   1.0056e-02 
  1.1100e-02 	  3.1203e-03 	  8.0990e+00 	  4.4036e-01    	  5.1846e-04   1.6606e-01   1.0055e-02 
  1.1200e-02 	  3.1134e-03 	  8.1045e+00 	  4.4024e-01    	  5.1740e-04   1.6607e-01   1.0051e-02 
  1.1300e-02 	  3.1031e-03 	  8.1111e+00 	  4.4004e-01    	  5.1603e-04   1.6619e-01   1.0050e-02 
  1.1400e-02 	  3.0965e-03 	  8.1164e+00 	  4.3992e-01    	  5.1520e-04   1.6628e-01   1.0050e-02 
  1.1500e-02 	  3.0828e-03 	  8.1241e+00 	  4.3966e-01    	  5.1348e-04   1.6643e-01   1.0047e-02 
  1.1600e-02 	  3.0742e-03 	  8.1300e+00 	  4.3950e-01    	  5.1253e-04   1.6658e-01   1.0049e-02 
  1.1700e-02 	  3.0657e-03 	  8.1358e+00 	  4.3933e-01    	  5.1147e-04   1.6669e-01   1.0049e-02 
  1.1800e-02 	  3.0556e-03 	  8.1422e+00 	  4.3915e-01    	  5.1041e-04   1.6690e-01   1.0053e-02 
  1.1900e-02 	  3.0483e-03 	  8.1477e+00 	  4.3900e-01    	  5.0936e-04   1.6697e-01   1.0051e-02 
  1.2000e-02 	  3.0423e-03 	  8.1526e+00 	  4.3890e-01    	  5.0874e-04   1.6707e-01   1.0053e-02 
  1.2100e-02 	  3.0274e-03 	  8.1605e+00 	  4.3859e-01    	  5.0672e-04   1.6721e-01   1.0048e-02 
  1.2200e-02 	  3.0189e-03 	  8.1663e+00 	  4.3843e-01    	  5.0606e-04   1.6749e-01   1.0057e-02 
  1.2300e-02 	  3.0095e-03 	  8.1723e+00 	  4.3824e-01    	  5.0469e-04   1.6754e-01   1.0053e-02 
  1.2400e-02 	  3.0001e-03 	  8.1783e+00 	  4.3805e-01    	  5.0381e-04   1.6774e-01   1.0057e-02 
  1.2500e-02 	  2.9881e-03 	  8.1851e+00 	  4.3781e-01    	  5.0243e-04   1.6794e-01   1.0058e-02 
  1.2600e-02 	  2.9769e-03 	  8.1917e+00 	  4.3759e-01    	  5.0116e-04   1.6816e-01   1.0061e-02 
  1.2700e-02 	  2.9663e-03 	  8.1980e+00 	  4.3737e-01    	  4.9989e-04   1.6832e-01   1.0062e-02 
  1.2800e-02 	  2.9557e-03 	  8.2043e+00 	  4.3715e-01    	  4.9873e-04   1.6852e-01   1.0065e-02 
  1.2900e-02 	  2.9439e-03 	  8.2111e+00 	  4.3691e-01    	  4.9746e-04   1.6877e-01   1.0068e-02 
  1.3000e-02 	  2.9327e-03 	  8.2176e+00 	  4.3667e-01    	  4.9629e-04   1.6899e-01   1.0072e-02 
  1.3100e-02 	  2.9213e-03 	  8.2241e+00 	  4.3643e-01    	  4.9490e-04   1.6918e-01   1.0073e-02 
  1.3200e-02 	  2.9096e-03 	  8.2308e+00 	  4.3620e-01    	  4.9383e-04   1.6951e-01   1.0081e-02 
  1.3300e-02 	  2.8975e-03 	  8.2376e+00 	  4.3594e-01    	  4.9256e-04   1.6975e-01   1.0085e-02 
  1.3400e-02 	  2.8900e-03 	  8.2427e+00 	  4.3577e-01    	  4.9179e-04   1.6994e-01   1.0089e-02 
  1.3500e-02 	  2.8744e-03 	  8.2507e+00 	  4.3545e-01    	  4.9013e-04   1.7026e-01   1.0094e-02 
  1.3600e-02 	  2.8601e-03 	  8.2582e+00 	  4.3514e-01    	  4.8852e-04   1.7054e-01   1.0097e-02 
  1.3700e-02 	  2.8896e-03 	  8.2504e+00 	  4.3557e-01    	  5.0026e-04   1.7287e-01   1.0260e-02 
  1.3800e-02 	  2.8774e-03 	  8.2571e+00 	  4.3531e-01    	  4.9909e-04   1.7315e-01   1.0266e-02 
  1.3900e-02 	  2.8653e-03 	  8.2638e+00 	  4.3505e-01    	  4.9808e-04   1.7356e-01   1.0278e-02 
  1.4000e-02 	  2.8927e-03 	  8.2567e+00 	  4.3572e-01    	  5.0426e-04   1.7403e-01   1.0336e-02 
  1.4100e-02 	  2.9106e-03 	  8.2527e+00 	  4.3618e-01    	  5.0763e-04   1.7410e-01   1.0361e-02 
  1.4200e-02 	  2.9262e-03 	  8.2495e+00 	  4.3658e-01    	  5.1073e-04   1.7422e-01   1.0386e-02 
  1.4300e-02 	  2.9388e-03 	  8.2474e+00 	  4.3693e-01    	  5.1354e-04   1.7445e-01   1.0414e-02 
  1.4400e-02 	  2.9603e-03 	  8.2422e+00 	  4.3746e-01    	  5.1745e-04   1.7448e-01   1.0440e-02 
  1.4500e-02 	  2.9714e-03 	  8.2406e+00 	  4.3777e-01    	  5.1999e-04   1.7469e-01   1.0465e-02 
  1.4600e-02 	  2.9883e-03 	  8.2370e+00 	  4.3819e-01    	  5.2344e-04   1.7483e-01   1.0493e-02 
  1.4700e-02 	  3.0084e-03 	  8.2324e+00 	  4.3869e-01    	  5.2742e-04   1.7496e-01   1.0523e-02 
  1.4800e-02 	  3.0206e-03 	  8.2304e+00 	  4.3902e-01    	  5.2999e-04   1.7511e-01   1.0546e-02 
  1.4900e-02 	  3.0365e-03 	  8.2272e+00 	  4.3941e-01    	  5.3330e-04   1.7526e-01   1.0573e-02 
  1.5000e-02 	  3.0555e-03 	  8.2230e+00 	  4.3988e-01    	  5.3705e-04   1.7541e-01   1.0602e-02 
  1.5100e-02 	  3.0755e-03 	  8.2185e+00 	  4.4037e-01    	  5.4120e-04   1.7560e-01   1.0636e-02 
  1.5200e-02 	  3.0875e-03 	  8.2166e+00 	  4.4068e-01    	  5.4383e-04   1.7579e-01   1.0661e-02 
  1.5300e-02 	  3.1039e-03 	  8.2133e+00 	  4.4108e-01    	  5.4739e-04   1.7598e-01   1.0691e-02 
  1.5400e-02 	  3.1228e-03 	  8.2092e+00 	  4.4155e-01    	  5.5153e-04   1.7623e-01   1.0727e-02 
  1.5500e-02 	  3.1366e-03 	  8.2067e+00 	  4.4188e-01    	  5.5421e-04   1.7631e-01   1.0747e-02 
  1.5600e-02 	  3.2040e-03 	  8.1874e+00 	  4.4310e-01    	  5.7317e-04   1.7852e-01   1.0945e-02 
  1.5700e-02 	  3.2169e-03 	  8.1852e+00 	  4.4342e-01    	  5.7612e-04   1.7869e-01   1.0970e-02 
  1.5800e-02 	  3.2367e-03 	  8.1810e+00 	  4.4387e-01    	  5.8007e-04   1.7882e-01   1.0999e-02 
  1.5900e-02 	  3.2591e-03 	  8.1760e+00 	  4.4440e-01    	  5.8468e-04   1.7896e-01   1.1033e-02 
  1.6000e-02 	  3.2747e-03 	  8.1731e+00 	  4.4477e-01    	  5.8808e-04   1.7916e-01   1.1062e-02 
  1.6100e-02 	  3.2920e-03 	  8.1697e+00 	  4.4517e-01    	  5.9176e-04   1.7932e-01   1.1091e-02 
  1.6200e-02 	  3.3040e-03 	  8.1679e+00 	  4.4547e-01    	  5.9471e-04   1.7956e-01   1.1119e-02 
  1.6300e-02 	  3.3260e-03 	  8.1631e+00 	  4.4596e-01    	  5.9927e-04   1.7973e-01   1.1153e-02 
  1.6400e-02 	  3.3454e-03 	  8.1591e+00 	  4.4641e-01    	  6.0318e-04   1.7989e-01   1.1183e-02 
  1.6500e-02 	  3.3656e-03 	  8.1549e+00 	  4.4686e-01    	  6.0754e-04   1.8004e-01   1.1214e-02 
  1.6600e-02 	  3.3771e-03 	  8.1533e+00 	  4.4714e-01    	  6.1021e-04   1.8024e-01   1.1239e-02 
  1.6700e-02 	  3.3980e-03 	  8.1489e+00 	  4.4761e-01    	  6.1478e-04   1.8044e-01   1.1274e-02 
  1.6800e-02 	  3.4181e-03 	  8.1448e+00 	  4.4805e-01    	  6.1891e-04   1.8058e-01   1.1304e-02 
  1.6900e-02 	  3.4396e-03 	  8.1402e+00 	  4.4852e-01    	  6.2349e-04   1.8082e-01   1.1341e-02 
  1.7000e-02 	  3.4621e-03 	  8.1355e+00 	  4.4901e-01    	  6.2808e-04   1.8093e-01   1.1371e-02 
  1.7100e-02 	  3.2100e-03 	  8.2137e+00 	  4.4389e-01    	  5.8670e-04   1.8226e-01   1.1204e-02 
  1.7200e-02 	  2.9893e-03 	  8.2874e+00 	  4.3915e-01    	  5.4999e-04   1.8349e-01   1.1049e-02 
  1.7300e-02 	  2.7921e-03 	  8.3580e+00 	  4.3471e-01    	  5.1754e-04   1.8484e-01   1.0914e-02 
  1.7400e-02 	  2.6220e-03 	  8.4232e+00 	  4.3069e-01    	  4.8923e-04   1.8608e-01   1.0792e-02 
  1.7500e-02 	  2.4765e-03 	  8.4825e+00 	  4.2709e-01    	  4.6488e-04   1.8721e-01   1.0683e-02 
  1.7600e-02 	  2.3500e-03 	  8.5370e+00 	  4.2384e-01    	  4.4366e-04   1.8829e-01   1.0588e-02 
  1.7700e-02 	  2.2340e-03 	  8.5897e+00 	  4.2074e-01    	  4.2437e-04   1.8946e-01   1.0504e-02 
  1.7800e-02 	  2.1457e-03 	  8.6320e+00 	  4.1829e-01    	  4.0944e-04   1.9030e-01   1.0434e-02 
  1.7900e-02 	  2.0701e-03 	  8.6698e+00 	  4.1613e-01    	  3.9671e-04   1.9115e-01   1.0376e-02 
  1.8000e-02 	  2.0095e-03 	  8.7014e+00 	  4.1435e-01    	  3.8674e-04   1.9194e-01   1.0335e-02 
  1.8100e-02 	  1.9616e-03 	  8.7273e+00 	  4.1291e-01    	  3.7864e-04   1.9251e-01   1.0297e-02 
  1.8200e-02 	  1.9243e-03 	  8.7483e+00 	  4.1176e-01    	  3.7257e-04   1.9309e-01   1.0274e-02 
  1.8300e-02 	  1.9005e-03 	  8.7624e+00 	  4.1101e-01    	  3.6902e-04   1.9364e-01   1.0268e-02 
  1.8400e-02 	  1.8942e-03 	  8.7674e+00 	  4.1080e-01    	  3.6831e-04   1.9391e-01   1.0274e-02 
  1.8500e-02 	  1.8898e-03 	  8.7713e+00 	  4.1062e-01    	  3.6789e-04   1.9413e-01   1.0278e-02 
  1.8600e-02 	  1.9006e-03 	  8.7672e+00 	  4.1093e-01    	  3.7050e-04   1.9441e-01   1.0309e-02 
  1.8700e-02 	  1.9212e-03 	  8.7580e+00 	  4.1153e-01    	  3.7473e-04   1.9450e-01   1.0344e-02 
  1.8800e-02 	  1.9575e-03 	  8.7407e+00 	  4.1259e-01    	  3.8155e-04   1.9436e-01   1.0389e-02 
  1.8900e-02 	  1.9967e-03 	  8.7224e+00 	  4.1373e-01    	  3.8910e-04   1.9434e-01   1.0445e-02 
  1.9000e-02 	  2.0561e-03 	  8.6945e+00 	  4.1546e-01    	  4.0001e-04   1.9398e-01   1.0510e-02 
  1.9100e-02 	  2.1232e-03 	  8.6639e+00 	  4.1735e-01    	  4.1239e-04   1.9366e-01   1.0586e-02 
  1.9200e-02 	  2.2028e-03 	  8.6285e+00 	  4.1957e-01    	  4.2680e-04   1.9317e-01   1.0669e-02 
  1.9300e-02 	  2.2900e-03 	  8.5910e+00 	  4.2194e-01    	  4.4253e-04   1.9267e-01   1.0757e-02 
  1.9400e-02 	  2.3988e-03 	  8.5460e+00 	  4.2481e-01    	  4.6226e-04   1.9208e-01   1.0867e-02 
  1.9500e-02 	  2.5089e-03 	  8.5025e+00 	  4.2764e-01    	  4.8200e-04   1.9150e-01   1.0973e-02 
  1.9600e-02 	  2.6435e-03 	  8.4515e+00 	  4.3099e-01    	  5.0584e-04   1.9072e-01   1.1094e-02 
  1.9700e-02 	  2.7870e-03 	  8.4000e+00 	  4.3444e-01    	  5.3109e-04   1.8993e-01   1.1218e-02 
  1.9800e-02 	  2.9430e-03 	  8.3468e+00 	  4.3807e-01    	  5.5849e-04   1.8918e-01   1.1352e-02 
  1.9900e-02 	  3.1212e-03 	  8.2893e+00 	  4.4206e-01    	  5.8958e-04   1.8823e-01   1.1494e-02 
  2.0000e-02 	  3.3498e-03 	  8.2201e+00 	  4.4709e-01    	  6.3152e-04   1.8787e-01   1.1718e-02 
  2.0100e-02 	  3.3309e-03 	  8.2269e+00 	  4.4668e-01    	  6.2847e-04   1.8800e-01   1.1707e-02 
  2.0200e-02 	  3.3196e-03 	  8.2314e+00 	  4.4644e-01    	  6.2689e-04   1.8818e-01   1.1707e-02 
  2.0300e-02 	  3.3039e-03 	  8.2373e+00 	  4.4612e-01    	  6.2462e-04   1.8836e-01   1.1702e-02 
  2.0400e-02 	  3.2859e-03 	  8.2438e+00 	  4.4573e-01    	  6.2176e-04   1.8854e-01   1.1694e-02 
  2.0500e-02 	  3.2660e-03 	  8.2510e+00 	  4.4531e-01    	  6.1881e-04   1.8877e-01   1.1688e-02 
  2.0600e-02 	  3.2506e-03 	  8.2567e+00 	  4.4498e-01    	  6.1670e-04   1.8900e-01   1.1687e-02 
  2.0700e-02 	  3.2287e-03 	  8.2646e+00 	  4.4451e-01    	  6.1326e-04   1.8924e-01   1.1678e-02 
  2.0800e-02 	  3.2132e-03 	  8.2704e+00 	  4.4418e-01    	  6.1101e-04   1.8947e-01   1.1676e-02 
  2.0900e-02 	  3.1938e-03 	  8.2775e+00 	  4.4376e-01    	  6.0827e-04   1.8973e-01   1.1672e-02 
  2.1000e-02 	  3.1783e-03 	  8.2834e+00 	  4.4342e-01    	  6.0606e-04   1.8998e-01   1.1670e-02 
  2.1100e-02 	  3.1565e-03 	  8.2913e+00 	  4.4295e-01    	  6.0283e-04   1.9027e-01   1.1665e-02 
  2.1200e-02 	  3.1394e-03 	  8.2978e+00 	  4.4258e-01    	  6.0050e-04   1.9054e-01   1.1664e-02 
  2.1300e-02 	  3.1587e-03 	  8.2926e+00 	  4.4277e-01    	  6.0971e-04   1.9228e-01   1.1786e-02 
  2.1400e-02 	  3.1357e-03 	  8.3010e+00 	  4.4228e-01    	  6.0590e-04   1.9251e-01   1.1775e-02 
  2.1500e-02 	  3.1223e-03 	  8.3063e+00 	  4.4198e-01    	  6.0413e-04   1.9275e-01   1.1775e-02 
  2.1600e-02 	  3.1074e-03 	  8.3121e+00 	  4.4166e-01    	  6.0177e-04   1.9292e-01   1.1770e-02 
  2.1700e-02 	  3.0799e-03 	  8.3219e+00 	  4.4106e-01    	  5.9770e-04   1.9334e-01   1.1765e-02 
  2.1800e-02 	  3.0620e-03 	  8.3287e+00 	  4.4067e-01    	  5.9489e-04   1.9355e-01   1.1758e-02 
  2.1900e-02 	  3.0435e-03 	  8.3358e+00 	  4.4026e-01    	  5.9220e-04   1.9384e-01   1.1755e-02 
  2.2000e-02 	  3.0282e-03 	  8.3418e+00 	  4.3993e-01    	  5.8971e-04   1.9398e-01   1.1747e-02 
  2.2100e-02 	  3.0108e-03 	  8.3485e+00 	  4.3955e-01    	  5.8716e-04   1.9427e-01   1.1745e-02 
  2.2200e-02 	  2.9906e-03 	  8.3562e+00 	  4.3910e-01    	  5.8399e-04   1.9451e-01   1.1737e-02 
  2.2300e-02 	  2.9711e-03 	  8.3637e+00 	  4.3866e-01    	  5.8095e-04   1.9477e-01   1.1731e-02 
  2.2400e-02 	  2.9531e-03 	  8.3708e+00 	  4.3826e-01    	  5.7836e-04   1.9507e-01   1.1728e-02 
  2.2500e-02 	  2.9396e-03 	  8.3763e+00 	  4.3797e-01    	  5.7634e-04   1.9527e-01   1.1725e-02 
  2.2600e-02 	  2.9172e-03 	  8.3849e+00 	  4.3747e-01    	  5.7277e-04   1.9557e-01   1.1718e-02 
  2.2700e-02 	  2.8998e-03 	  8.3918e+00 	  4.3707e-01    	  5.7026e-04   1.9593e-01   1.1718e-02 
  2.2800e-02 	  2.8772e-03 	  8.4006e+00 	  4.3656e-01    	  5.6661e-04   1.9614e-01   1.1706e-02 
  2.2900e-02 	  2.8606e-03 	  8.4073e+00 	  4.3618e-01    	  5.6405e-04   1.9641e-01   1.1702e-02 
  2.3000e-02 	  2.8415e-03 	  8.4149e+00 	  4.3575e-01    	  5.6138e-04   1.9677e-01   1.1702e-02 
  2.3100e-02 	  2.8257e-03 	  8.4214e+00 	  4.3539e-01    	  5.5896e-04   1.9701e-01   1.1698e-02 
  2.3200e-02 	  2.8116e-03 	  8.4274e+00 	  4.3507e-01    	  5.5691e-04   1.9731e-01   1.1699e-02 
  2.3300e-02 	  2.7913e-03 	  8.4355e+00 	  4.3460e-01    	  5.5362e-04   1.9761e-01   1.1692e-02 
  2.3400e-02 	  2.7717e-03 	  8.4434e+00 	  4.3414e-01    	  5.5079e-04   1.9793e-01   1.1688e-02 
  2.3500e-02 	  2.7550e-03 	  8.4504e+00 	  4.3376e-01    	  5.4828e-04   1.9822e-01   1.1686e-02 
  2.3600e-02 	  2.7380e-03 	  8.4575e+00 	  4.3337e-01    	  5.4593e-04   1.9858e-01   1.1687e-02 
  2.3700e-02 	  2.7203e-03 	  8.4648e+00 	  4.3295e-01    	  5.4311e-04   1.9887e-01   1.1682e-02 
  2.3800e-02 	  2.7004e-03 	  8.4730e+00 	  4.3248e-01    	  5.4013e-04   1.9921e-01   1.1678e-02 
  2.3900e-02 	  2.6857e-03 	  8.4794e+00 	  4.3214e-01    	  5.3805e-04   1.9952e-01   1.1679e-02 
  2.4000e-02 	  2.6614e-03 	  8.4893e+00 	  4.3156e-01    	  5.3408e-04   1.9992e-01   1.1671e-02 
  2.4100e-02 	  2.6451e-03 	  8.4963e+00 	  4.3118e-01    	  5.3182e-04   2.0023e-01   1.1670e-02 
  2.4200e-02 	  2.6248e-03 	  8.5049e+00 	  4.3069e-01    	  5.2865e-04   2.0061e-01   1.1667e-02 
  2.4300e-02 	  2.6069e-03 	  8.5126e+00 	  4.3026e-01    	  5.2588e-04   2.0089e-01   1.1661e-02 
  2.4400e-02 	  2.5900e-03 	  8.5199e+00 	  4.2985e-01    	  5.2352e-04   2.0131e-01   1.1664e-02 
  2.4500e-02 	  2.5701e-03 	  8.5285e+00 	  4.2937e-01    	  5.2031e-04   2.0163e-01   1.1657e-02 
  2.4600e-02 	  2.5532e-03 	  8.5359e+00 	  4.2896e-01    	  5.1791e-04   2.0202e-01   1.1659e-02 
  2.4700e-02 	  2.5380e-03 	  8.5427e+00 	  4.2858e-01    	  5.1551e-04   2.0226e-01   1.1654e-02 
  2.4800e-02 	  2.5178e-03 	  8.5515e+00 	  4.2809e-01    	  5.1241e-04   2.0270e-01   1.1652e-02 
  2.4900e-02 	  2.5046e-03 	  8.5577e+00 	  4.2777e-01    	  5.1075e-04   2.0307e-01   1.1657e-02 
  2.5000e-02 	  2.4842e-03 	  8.5666e+00 	  4.2725e-01    	  5.0733e-04   2.0338e-01   1.1648e-02 
  2.5100e-02 	  2.4725e-03 	  8.5722e+00 	  4.2698e-01    	  5.0583e-04   2.0374e-01   1.1654e-02 
  2.5200e-02 	  2.4493e-03 	  8.5824e+00 	  4.2639e-01    	  5.0200e-04   2.0413e-01   1.1645e-02 
  2.5300e-02 	  2.4359e-03 	  8.5887e+00 	  4.2606e-01    	  5.0015e-04   2.0453e-01   1.1650e-02 
  2.5400e-02 	  2.4463e-03 	  8.5852e+00 	  4.2615e-01    	  5.0650e-04   2.0619e-01   1.1756e-02 
  2.5500e-02 	  2.4222e-03 	  8.5959e+00 	  4.2555e-01    	  5.0273e-04   2.0669e-01   1.1752e-02 
  2.5600e-02 	  2.4117e-03 	  8.6011e+00 	  4.2529e-01    	  5.0116e-04   2.0693e-01   1.1752e-02 
  2.5700e-02 	  2.3912e-03 	  8.6104e+00 	  4.2476e-01    	  4.9783e-04   2.0732e-01   1.1747e-02 
  2.5800e-02 	  2.3786e-03 	  8.6165e+00 	  4.2445e-01    	  4.9619e-04   2.0771e-01   1.1752e-02 
  2.5900e-02 	  2.3589e-03 	  8.6256e+00 	  4.2395e-01    	  4.9292e-04   2.0806e-01   1.1745e-02 
  2.6000e-02 	  2.3433e-03 	  8.6330e+00 	  4.2354e-01    	  4.9055e-04   2.0846e-01   1.1746e-02 
  2.6100e-02 	  2.3290e-03 	  8.6399e+00 	  4.2318e-01    	  4.8857e-04   2.0889e-01   1.1751e-02 
  2.6200e-02 	  2.3072e-03 	  8.6501e+00 	  4.2261e-01    	  4.8493e-04   2.0927e-01   1.1742e-02 
  2.6300e-02 	  2.2974e-03 	  8.6551e+00 	  4.2237e-01    	  4.8371e-04   2.0967e-01   1.1750e-02 
  2.6400e-02 	  2.2782e-03 	  8.6643e+00 	  4.2186e-01    	  4.8067e-04   2.1010e-01   1.1747e-02 
  2.6500e-02 	  2.2639e-03 	  8.6714e+00 	  4.2150e-01    	  4.7849e-04   2.1046e-01   1.1748e-02 
  2.6600e-02 	  2.2467e-03 	  8.6797e+00 	  4.2103e-01    	  4.7599e-04   2.1095e-01   1.1751e-02 
  2.6700e-02 	  2.2332e-03 	  8.6865e+00 	  4.2068e-01    	  4.7398e-04   2.1132e-01   1.1752e-02 
  2.6800e-02 	  2.2175e-03 	  8.6944e+00 	  4.2027e-01    	  4.7159e-04   2.1176e-01   1.1754e-02 
  2.6900e-02 	  2.2045e-03 	  8.7010e+00 	  4.1992e-01    	  4.6944e-04   2.1204e-01   1.1751e-02 
  2.7000e-02 	  2.1875e-03 	  8.7095e+00 	  4.1947e-01    	  4.6704e-04   2.1259e-01   1.1757e-02 
  2.7100e-02 	  2.1642e-03 	  8.7209e+00 	  4.1883e-01    	  4.6301e-04   2.1303e-01   1.1747e-02 
  2.7200e-02 	  2.1551e-03 	  8.7258e+00 	  4.1859e-01    	  4.6181e-04   2.1336e-01   1.1752e-02 
  2.7300e-02 	  2.1410e-03 	  8.7332e+00 	  4.1821e-01    	  4.5971e-04   2.1379e-01   1.1755e-02 
  2.7400e-02 	  2.1251e-03 	  8.7414e+00 	  4.1778e-01    	  4.5725e-04   2.1425e-01   1.1756e-02 
  2.7500e-02 	  2.1120e-03 	  8.7483e+00 	  4.1743e-01    	  4.5511e-04   2.1457e-01   1.1754e-02 
  2.7600e-02 	  2.0922e-03 	  8.7584e+00 	  4.1687e-01    	  4.5205e-04   2.1516e-01   1.1756e-02 
  2.7700e-02 	  2.0793e-03 	  8.7653e+00 	  4.1652e-01    	  4.5024e-04   2.1560e-01   1.1761e-02 
  2.7800e-02 	  2.0641e-03 	  8.7733e+00 	  4.1610e-01    	  4.4792e-04   2.1605e-01   1.1763e-02 
  2.7900e-02 	  2.0483e-03 	  8.7817e+00 	  4.1566e-01    	  4.4535e-04   2.1647e-01   1.1762e-02 
  2.8000e-02 	  2.0372e-03 	  8.7880e+00 	  4.1535e-01    	  4.4386e-04   2.1694e-01   1.1770e-02 
  2.8100e-02 	  2.0236e-03 	  8.7954e+00 	  4.1496e-01    	  4.4180e-04   2.1740e-01   1.1774e-02 
  2.8200e-02 	  2.0028e-03 	  8.8063e+00 	  4.1436e-01    	  4.3822e-04   2.1786e-01   1.1766e-02 
  2.8300e-02 	  1.9863e-03 	  8.8153e+00 	  4.1389e-01    	  4.3587e-04   2.1847e-01   1.1773e-02 
  2.8400e-02 	  1.9735e-03 	  8.8224e+00 	  4.1353e-01    	  4.3403e-04   2.1899e-01   1.1780e-02 
  2.8500e-02 	  1.9587e-03 	  8.8307e+00 	  4.1310e-01    	  4.3178e-04   2.1947e-01   1.1783e-02 
  2.8600e-02 	  1.9487e-03 	  8.8365e+00 	  4.1282e-01    	  4.3050e-04   2.1994e-01   1.1792e-02 
  2.8700e-02 	  1.9340e-03 	  8.8448e+00 	  4.1239e-01    	  4.2800e-04   2.2033e-01   1.1789e-02 
  2.8800e-02 	  1.9160e-03 	  8.8548e+00 	  4.1186e-01    	  4.2521e-04   2.2096e-01   1.1793e-02 
  2.8900e-02 	  1.9032e-03 	  8.8622e+00 	  4.1148e-01    	  4.2342e-04   2.2151e-01   1.1802e-02 
  2.9000e-02 	  1.8880e-03 	  8.8708e+00 	  4.1103e-01    	  4.2094e-04   2.2197e-01   1.1801e-02 
  2.9100e-02 	  1.8721e-03 	  8.8800e+00 	  4.1055e-01    	  4.1842e-04   2.2251e-01   1.1803e-02 
  2.9200e-02 	  1.8552e-03 	  8.8897e+00 	  4.1005e-01    	  4.1575e-04   2.2312e-01   1.1807e-02 
  2.9300e-02 	  1.8441e-03 	  8.8964e+00 	  4.0972e-01    	  4.1411e-04   2.2355e-01   1.1812e-02 
  2.9400e-02 	  1.8320e-03 	  8.9037e+00 	  4.0935e-01    	  4.1233e-04   2.2415e-01   1.1822e-02 
  2.9500e-02 	  1.8194e-03 	  8.9112e+00 	  4.0897e-01    	  4.1065e-04   2.2469e-01   1.1830e-02 
  2.9600e-02 	  1.8068e-03 	  8.9188e+00 	  4.0859e-01    	  4.0869e-04   2.2519e-01   1.1835e-02 
  2.9700e-02 	  1.7933e-03 	  8.9270e+00 	  4.0817e-01    	  4.0656e-04   2.2572e-01   1.1839e-02 
  2.9800e-02 	  1.7814e-03 	  8.9343e+00 	  4.0781e-01    	  4.0475e-04   2.2624e-01   1.1845e-02 
  2.9900e-02 	  1.7664e-03 	  8.9434e+00 	  4.0735e-01    	  4.0248e-04   2.2684e-01   1.1851e-02 
